x<-1:12
x
x[(x>=10)]
x<-c(2.3,3.5,6,14,12)
y<-c(3.2,5,0.7,1,3.5)
z<-c(x,y)
z
x[(y<3.4)]
v<-1:12
v[5]=2
v
v[(x>=10)]=3
v
v[c(4,9)]=1
v